1 1108.49 51.2767
2 1102.5 21.8746
3 1108.65 54.8542
4 1101.97 158.022
5 1072.52 27.7492
6 1103.03 137.625
7 1089.45 44.837
8 1100.21 40.8654
9 1101.26 36.8459
10 1469.29 164.105
11 1102.98 25.9589
12 1103.95 35.9181
13 1097.24 18.4152
14 1100.69 34.2358
15 1115.9 29.5282
16 1096.91 93.1981
17 1112.51 63.8019
18 1101.74 39.3619
19 1105.46 33.9511
20 1079.77 37.0137
21 1102.44 56.2829
22 1073.43 48.1552
23 1076.3 37.166
24 1106.66 65.4299
25 1102.29 38.9872
26 1133.36 80.7388
27 1090.44 145.8
28 1106.6 48.9225
29 1092.85 160.656
30 1121.98 69.9381
31 1117.11 62.4354
32 1105.78 91.3599
33 1095.2 25.4642
34 1069.23 97.6873
35 1405.39 113.971
36 1112.63 65.0566
37 1116.46 57.5911
38 1072.07 163.259
39 1097.75 24.3314
40 1254.94 226.824
41 1132.6 205.955
42 1106.24 23.4706
43 1089.67 40.6111
44 1091.94 46.5547
45 1080.03 44.129
46 1108.54 30.6203
47 1090.91 31.1174
48 1099.92 27.37
49 1105.23 33.6965
50 1105.1 31.2559
51 1648.75 220.512
52 1104.58 42.5737
53 1092.8 21.7398
54 1104.99 32.6704
55 1091.88 41.3779
56 1097.09 43.3305
57 1102.29 32.0135
58 1090.87 27.5563
59 1096.05 21.8275
60 1125.16 83.6475
61 1103.04 22.1386
62 1092.26 62.1694
63 1266.84 186.805
64 1076.89 67.3005
65 1113.82 85.2432
66 1049.2 62.1891
67 1127.31 51.7302
68 1114.13 33.5492
69 1047.5 27.7864
70 1109.26 44.4186
71 1306.78 184.773
72 1100.28 50.4792
73 1093.06 108.016
74 1096.77 40.3989
75 1097.29 45.6269
76 913.411 165.194
77 1093.85 30.3518
78 1105.09 21.7009
79 1102.06 20.2585
80 1106.39 26.0058
81 675.432 202.644
82 1098.17 22.0371
83 1092.08 30.8707
84 1104.56 34.116
85 1113.2 49.7578
86 1100.83 39.2313
87 1096.92 34.001
88 1095.92 30.476
89 1080.74 33.8227
90 1105.87 37.3158
91 1086.94 29.1851
92 1099.28 38.0399
93 1099.21 25.8191
94 1094.52 30.6045
95 1082.7 38.5432
96 1113.41 35.8933
97 1109.92 16.5702
98 1091.66 36.1353
99 1092.92 50.219
100 1086.77 47.3438
101 1313.42 210.589
102 1123.86 35.2093
103 1137.37 95.0034
104 1111.26 82.7827
105 1091.18 43.4165
106 1118.66 72.0338
107 1106.35 24.2606
108 1099.37 25.1217
109 1095.3 28.6072
110 1084.62 44.4151
111 1097.08 40.9337
112 1793.63 224.325
113 1097.43 28.9903
114 1102.89 23.0418
115 1094.88 27.3203
116 1101.58 25.5203
117 1100.6 17.224
118 1094.83 24.9924
119 1099.4 21.6439
120 1094.64 28.2089
121 1100.24 27.7071
122 1096.39 25.885
123 1103.79 30.4941
124 1091.41 37.622
125 1103.73 19.0596
126 1101.42 31.6092
127 1106.82 25.6771
128 1125.16 54.5575
129 1099.82 49.1532
130 1120.93 30.7363
131 1218.37 131.704
132 1105.51 35.4884
133 1101.74 32.2973
134 1381.23 181.188
135 1097.04 63.7713
136 1137.5 11.1146
137 1120.56 52.0159
138 1071.59 92.3992
139 1105.14 57.0458
140 882.715 147.288
141 1101.48 48.1974
142 1095.89 42.1491
143 1089.56 33.1464
144 1100.64 40.2505
145 1112.54 32.2873
146 1237.6 197.709
147 1103.56 31.5957
148 1099.92 31.0946
149 1099.01 23.3995
150 1100.64 23.3831
151 1101.85 24.1469
152 1100.4 21.4068
153 1096.16 19.3601
154 1099.8 20.8473
155 1104.29 14.2179
156 1102.73 25.1513
157 1095.91 20.9569
158 1095.82 25.0867
159 1092.46 28.2026
160 1091.19 36.0915
161 1088.75 32.4996
162 696.18 205.444
163 1100.32 26.048
164 1102.81 22.4935
165 1383.75 210.084
166 1096.8 41.3525
167 1098.39 31.8606
168 1076.07 35.4762
169 1086.82 42.5561
170 1101.69 169.514
171 1094.34 66.2766
172 1120.76 53.9613
173 1118.27 47.112
174 1122.94 59.9792
175 1080.14 49.6817
176 1094.35 28.4348
177 1096.62 28.189
178 1099.12 33.1117
179 1120.59 110.261
180 1102.49 21.8424
181 1097.67 19.5553
182 1094.49 23.2118
183 1094.51 20.5285
184 1095.86 22.6268
185 1104.83 21.3304
186 1094.65 24.5181
187 1101.06 22.2053
188 1103.33 21.8229
189 1096.09 23.8782
190 1105.92 24.2725
191 1096.73 20.0517
192 1102.28 22.7918
193 1095.5 19.5366
194 1094.01 33.4135
195 1087.25 25.2751
196 1094.38 30.169
197 1861.79 255.247
198 1097 23.7024
199 1098.03 26.402
200 1105.81 43.4231
201 1103.5 40.8827
202 1084.52 79.0627
203 1185.3 201.648
204 1102.7 34.2939
205 1103.51 132.615
206 1096.6 46.1214
207 1095.04 38.796
208 1095.16 40.5487
209 1101.98 21.0623
210 1110.98 29.3066
211 1102.62 30.5735
212 1098.48 21.5867
213 1099.67 22.7526
214 1099.69 29.2695
215 1096.39 27.4669
216 1104.78 23.6354
217 1097.32 22.1798
218 1102.39 23.0218
219 1098.27 22.6778
220 1100.92 22.8712
221 1102.3 18.948
222 1101.64 19.5301
223 1104.42 24.2221
224 1108.18 21.8979
225 1103.94 23.8526
226 1097.46 24.8107
227 1095.64 22.2742
228 1099.44 20.469
229 1102.12 20.9176
230 1093.99 35.014
231 1087.32 29.5053
232 1099.73 28.3338
233 1095.14 18.4119
234 1093.05 39.8539
235 854.544 233.544
236 1102.17 46.3465
237 1085.52 29.0622
238 1133.04 61.5059
239 1087.74 38.7901
240 1101.73 40.8833
241 1097.39 35.927
242 1100.09 32.7941
243 1103.96 19.0977
244 1095.49 32.6216
245 1099.11 32.0785
246 1094.15 33.3072
247 1103.14 20.8126
248 1103.07 27.5263
249 1101.65 23.0109
250 1097.69 21.0996
251 1099.93 25.3165
252 1103.25 22.0422
253 1102.78 23.5999
254 1096 22.6086
255 1101.02 23.906
256 1102.03 21.4469
257 1098.04 22.0586
258 1101.67 23.1833
259 1099.86 25.9565
260 1102.41 25.232
261 1096.37 23.8992
262 1107.62 30.1475
263 1097.82 20.3732
264 1102.95 20.1959
265 1095.87 20.0107
266 1097.25 28.8254
267 1093.38 27.4716
268 1098.92 43.6975
269 1103.85 40.9513
270 1094.21 42.0064
271 1161.96 99.4942
272 1075.61 157.733
273 1096.33 108.35
274 1098.57 14.291
275 1100.76 21.3722
276 1098.3 35.5578
277 1098.45 36.4205
278 1095.55 38.4318
279 1096.57 18.5236
280 1096.35 24.5507
281 1101.33 22.4957
282 1102.42 20.2269
283 1100.12 21.2617
284 1102.51 22.3495
285 1100.25 21.8375
286 1100.34 21.8105
287 1100.34 21.6805
288 1102.15 23.8098
289 1100.92 22.049
290 1101.87 22.5113
291 1100.76 23.6705
292 1101.65 24.5669
293 1100.61 21.0782
294 1094.34 29.2272
295 1102.98 23.0017
296 1101.35 22.3615
297 1103.72 24.2244
298 1102.17 24.4674
299 1092.69 24.4866
300 1095.53 19.3
301 1095.87 26.2502
302 1100.61 26.4407
303 1072.18 77.0774
304 624.248 245.362
305 1104.35 16.868
306 1103.02 39.3673
307 1070.36 199.244
308 1093.29 26.1196
309 1094.1 48.7615
310 1095.1 28.9825
311 1096.66 25.1138
312 1100.64 33.4013
313 1099.53 24.1428
314 1107.13 36.5102
315 1100.19 25.3498
316 1102.95 21.6464
317 1098.71 19.0796
318 1101.11 23.3943
319 1101.67 22.7233
320 1104.13 23.3794
321 1105.71 24.8796
322 1102.31 24.0069
323 1099.45 24.1824
324 1100.71 22.0518
325 1105.64 24.4781
326 1103.84 22.763
327 1101.58 21.5857
328 1101.65 22.2991
329 1106.36 24.1744
330 1102.62 19.1947
331 1107.89 27.6756
332 1098.73 21.1955
333 1094.37 27.9334
334 1115.8 42.2406
335 1071.69 138.072
336 1094.66 28.5483
337 1103.7 36.1955
338 1108.91 45.4885
339 1124.14 223.404
340 1093.42 23.8048
341 1090.34 73.3626
342 1104.64 33.5288
343 1097.08 31.3746
344 1104.92 26.068
345 1101.97 25.8493
346 1100.23 24.6196
347 1094.5 23.4932
348 1102.72 23.7485
349 1104.76 22.0241
350 1100.95 24.3535
351 1103.54 25.753
352 1099.88 23.4605
353 1102.49 21.5572
354 1104.81 23.2862
355 1101.62 23.8068
356 1104.47 24.1684
357 1101.79 23.2157
358 1103.88 23.2431
359 1102.84 23.8834
360 1100.44 22.6369
361 1103.61 24.2948
362 1100.33 21.3039
363 1102.25 24.4071
364 1102.84 21.704
365 1098.93 21.8523
366 1102.63 23.3301
367 1097.66 28.4928
368 1105.28 21.0401
369 1105.1 25.5394
370 1095.49 24.2529
371 1100 26.1778
372 1103.2 23.3467
373 1096.71 27.838
374 1566.67 203.131
375 1113.79 55.4512
376 1104.04 35.832
377 1096.81 27.0983
378 1110.17 40.0541
379 1100.11 26.9261
380 1096.7 16.4641
381 1101.56 23.0166
382 1101.03 22.6084
383 1104.57 22.3418
384 1102.05 21.8952
385 1106.2 21.5834
386 1100.87 23.6689
387 1101.78 23.7787
388 1103.03 22.1615
389 1105.14 24.4262
390 1104.29 24.6952
391 1106.69 26.3419
392 1106.61 25.5273
393 1105.21 25.3882
394 1103.56 24.1475
395 1103.24 23.1831
396 1101.67 23.8021
397 1102.75 23.323
398 1103.21 23.4116
399 1104.44 24.4109
400 1102.44 25.7383
401 1103.3 29.8494
402 1100.09 27.1392
403 1098.07 23.7939
404 1094.32 25.3339
405 1107.88 46.9447
406 1105.66 23.1403
407 1095.94 23.2375
408 1107.19 51.3464
409 1104.43 33.0563
410 1096.88 30.5531
411 1105.62 26.2682
412 1102.35 21.7331
413 1110.34 17.8118
414 1097.84 28.3381
415 1102.46 22.9266
416 1100.25 21.4782
417 1102.16 21.5106
418 1106.53 22.6003
419 1104.76 23.0519
420 1102.4 23.5712
421 1103.93 25.0793
422 1106.67 25.086
423 1108.46 26.0416
424 1107.42 24.8746
425 1108.16 25.4779
426 1106.5 26.7169
427 1105.11 27.8716
428 1104.72 25.4215
429 1103.36 24.7811
430 1102.01 24.825
431 1104.54 24.4355
432 1105.08 23.0482
433 1100.61 24.8898
434 1101.03 25.2313
435 1104.24 23.613
436 1100.45 21.9173
437 1096.38 24.3728
438 1096.03 25.5116
439 1093.23 21.5624
440 1092.89 31.9882
441 1092.18 65.4385
442 1456.57 180.722
443 1106.95 48.3302
444 1077.59 46.0078
445 1114.98 30.3998
446 1101.51 33.4968
447 1097.56 26.5987
448 1105.39 20.7721
449 1100.94 24.862
450 1103.78 21.6462
451 1106.52 23.4032
452 1104.86 22.9773
453 1101.72 24.3476
454 1101.08 24.094
455 1104.16 24.5199
456 1106.27 26.524
457 1106.39 26.3287
458 1108.05 26.0101
459 1108.13 25.5662
460 1107.38 25.5991
461 1106.42 26.7813
462 1107.63 24.7872
463 1106 26.363
464 1105.58 24.003
465 1102.44 24.5392
466 1103.77 24.3943
467 1103.68 26.0517
468 1102.59 21.0904
469 1102.46 23.7812
470 1102.86 28.1614
471 1101.54 19.0752
472 1097.56 21.1633
473 1095.82 25.4936
474 1102.27 44.026
475 1093.87 35.0812
476 1114 29.4205
477 1074.78 122.852
478 1110.71 29.5517
479 1099.18 24.7709
480 1102.25 36.2709
481 1097.88 25.624
482 1100.36 19.4026
483 1100.32 26.3941
484 1099.84 19.8133
485 1100.85 21.6231
486 1101.64 23.266
487 1099.84 22.7465
488 1102.08 25.2644
489 1106.85 26.2761
490 1105.94 26.1544
491 1106.59 26.7022
492 1104.61 27.0816
493 1100.95 28.9202
494 1101.9 27.6633
495 1102.99 27.7703
496 1108.13 25.3976
497 1106.42 26.0733
498 1105.95 23.7921
499 1104.32 24.3936
500 1101.7 23.998
501 1104.13 24.1368
502 1099.43 23.1226
503 1099.78 22.7213
504 1103.54 22.6408
505 1103.03 23.6023
506 1098.59 25.6613
507 1105.45 40.2069
508 1117.56 6.77219
509 1099.22 29.1565
510 1110.44 11.3492
511 1116.2 79.1493
512 1104.3 31.9899
513 1105.6 34.4333
514 1094.16 36.3896
515 1098.35 22.3654
516 1103.58 21.7766
517 1101.9 22.6592
518 1100.58 22.5059
519 1103.53 25.2558
520 1101.84 21.9719
521 1101.09 23.5416
522 1104.87 25.1175
523 1107.28 24.0406
524 1105.37 24.803
525 1101.27 25.6407
526 1085.56 33.0721
527 1073.51 45.4794
528 1066.05 137.946
529 1087.12 31.9086
530 1103.1 25.0926
531 1105.39 25.636
532 1105.39 26.1522
533 1105.83 25.067
534 1103.12 24.5122
535 1103.9 25.011
536 1097.8 23.9149
537 1105.38 22.415
538 1100.99 22.0627
539 1099.87 23.9215
540 1097.93 22.1445
541 1098.72 29.9324
542 1111.04 32.8237
543 1098.67 24.6883
544 1156.25 113.549
545 1101.34 43.049
546 1097.71 24.1741
547 1783.94 203.855
548 1099.56 25.9959
549 1104.18 20.4194
550 1101.03 21.296
551 1100.68 22.4172
552 1102.46 24.5152
553 1103.11 24.7228
554 1105.88 24.4924
555 1103.62 23.5779
556 1105.93 24.8593
557 1107.98 24.6478
558 1103.82 24.3176
559 1099.72 27.8658
560 996.997 111.741
561 0 0
562 0 0
563 1089.07 41.4253
564 1096.8 28.4399
565 1105.13 26.0036
566 1107.3 24.3502
567 1105.13 23.9487
568 1100.48 24.8083
569 1101.87 26.1004
570 1102.45 22.6373
571 1105.82 24.7716
572 1100.86 25.4369
573 1106.07 23.7787
574 1102.67 20.2542
575 1104.53 24.2095
576 1191.15 77.1476
577 1097.76 28.0599
578 1083.26 53.151
579 1144.75 96.8983
580 1098.83 26.5027
581 1103.52 28.1304
582 1103.55 25.9447
583 1120.86 50.1763
584 1106.83 23.1216
585 1099.62 23.6347
586 1103.12 22.2885
587 1102.59 22.664
588 1105.54 23.148
589 1103.01 24.1736
590 1103 24.759
591 1107.3 24.7978
592 1109.33 24.6375
593 1098.24 31.782
594 1062.33 170.936
595 0 0
596 0 0
597 871.408 158.752
598 1092.83 28.9093
599 1101.74 25.1743
600 1104.93 25.1595
601 1105.82 24.7879
602 1101.42 24.6298
603 1102.4 27.0682
604 1097.28 24.6051
605 1105.04 29.0326
606 1101.92 26.397
607 1104.83 23.7284
608 1109.09 19.6604
609 1091.56 31.1436
610 1100.67 37.836
611 1097.19 18.282
612 784.873 267.837
613 1107.76 23.7096
614 1105.91 28.7646
615 1103.74 23.2139
616 1097.55 20.0253
617 1100.36 20.1067
618 1107.16 22.0097
619 1104.59 26.4567
620 1104.02 22.1936
621 1105.21 18.7126
622 1105.58 24.416
623 1102.87 23.4306
624 1103.73 24.3228
625 1107.54 25.2631
626 1108.39 24.8181
627 1102.39 25.5999
628 1086.24 32.1477
629 959.712 145.374
630 1113.68 93.46
631 1079.95 32.6651
632 1103.8 25.7593
633 1107.91 25.0282
634 1106.41 23.7049
635 1105.57 23.5521
636 1106.58 24.3599
637 1100.88 24.6505
638 1098.81 26.1586
639 1100.48 22.176
640 1102.55 22.0684
641 1096.04 19.6445
642 1100.33 28.7059
643 1098.07 22.369
644 1084.9 28.823
645 1099.8 45.3898
646 1097.58 56.7122
647 1092.67 66.2499
648 1102.35 30.9086
649 1096.63 29.4474
650 1097.77 18.38
651 1096.37 24.8206
652 1100.25 23.5098
653 1100.26 19.7628
654 1110.25 27.3394
655 1101.46 26.0787
656 1103.05 23.567
657 1102.15 24.8578
658 1104.99 23.7576
659 1108.24 24.0389
660 1106.2 24.1146
661 1105.94 25.48
662 1102.66 25.3182
663 1099.26 27.9524
664 1101.62 29.8376
665 1102.34 28.8728
666 1105.67 26.1213
667 1107.08 25.018
668 1106.27 24.0614
669 1103.56 23.5511
670 1102.48 23.2651
671 1102.56 23.9845
672 1098.05 22.0663
673 1096.26 22.4454
674 1106.38 22.8062
675 1098.4 22.3339
676 1099.85 22.0693
677 1105.77 19.6857
678 1096.38 32.3553
679 1104.27 39.3597
680 1107.97 35.6174
681 1105.94 19.5058
682 1101.72 36.5102
683 1099.17 27.7018
684 1110.71 39.1201
685 1106.54 18.182
686 1101.86 22.3851
687 1101.57 18.611
688 1102.25 20.3691
689 1099.41 24.5225
690 1102.92 21.9638
691 1100.92 23.8704
692 1103.52 22.9637
693 1104.36 23.7601
694 1104.46 24.8472
695 1106.01 25.0392
696 1108.89 25.2862
697 1107.58 29.0971
698 1107.7 25.8528
699 1104.58 27.0276
700 1106.63 24.6304
701 1105.37 24.1123
702 1104.18 24.2891
703 1102.86 22.8911
704 1103.7 21.5856
705 1103.51 24.7892
706 1101.27 25.0805
707 1101.01 22.7918
708 1099.18 25.9418
709 1103.33 23.1108
710 1099.96 23.258
711 1104.6 20.0909
712 1104.32 21.286
713 1092.81 31.7011
714 1109.77 31.59
715 1090.73 28.2409
716 1099.04 24.2905
717 1098.23 26.02
718 1096.98 21.82
719 1096.53 32.0973
720 1099.61 22.3438
721 1106.98 22.9513
722 1098.44 22.7769
723 1103.01 22.7257
724 1101.95 22.2932
725 1100.11 23.2072
726 1103.24 23.5274
727 1102.89 23.5993
728 1103.98 24.4512
729 1105.51 24.9682
730 1107.77 25.2055
731 1108.63 25.2969
732 1106.62 24.8555
733 1105.52 26.0353
734 1105.46 25.809
735 1104.75 24.5156
736 1103.93 23.3217
737 1105.34 24.5548
738 1104.42 21.8507
739 1101.49 22.2132
740 1101.91 24.6197
741 1100.12 22.7851
742 1098.73 24.606
743 1099.44 21.7688
744 1097.21 22.5991
745 1093.74 22.9182
746 1648.79 253.829
747 1097.8 45.9711
748 1085.47 62.7776
749 1089.68 78.1314
750 1103.73 11.6105
751 1103.34 19.8871
752 1101.73 27.5874
753 1100.12 30.8418
754 1096.81 20.695
755 1101.63 19.0743
756 1099.09 23.2392
757 1107.95 20.0079
758 1099.52 22.0922
759 1101.85 21.962
760 1103.24 22.517
761 1104.79 23.1075
762 1101.17 25.135
763 1102.28 23.0288
764 1105.67 24.1782
765 1106.45 24.6976
766 1104.43 23.5044
767 1105.12 24.2163
768 1102.61 23.7686
769 1103.13 24.0845
770 1105.55 24.244
771 1100.97 22.4546
772 1098.03 24.0633
773 1101.13 22.7762
774 1101.07 19.6232
775 1103.52 29.8438
776 1094.28 22.3144
777 1110.89 39.4493
778 1094.86 26.8265
779 1088.82 27.2277
780 1092.6 40.1547
781 1090.51 44.0716
782 1092.93 31.2301
783 1434.57 272.623
784 1107.35 41.9103
785 1097.95 25.6177
786 1098.57 18.8505
787 1098.86 18.3102
788 1107.94 20.9466
789 1100.78 27.1629
790 1102.66 24.2155
791 1099.31 24.124
792 1105.42 24.4982
793 1104.16 22.1933
794 1101.36 23.4858
795 1100.65 22.4763
796 1102.71 23.187
797 1104.38 23.3489
798 1104.9 22.8429
799 1105.67 22.3282
800 1109.89 26.3777
801 1102.06 33.8389
802 1109.16 27.9248
803 1103.08 23.6781
804 1101.23 24.7822
805 1101.58 23.5721
806 1100.26 21.879
807 1103.57 21.1253
808 1097.9 21.6118
809 1098.82 23.4907
810 1091.83 20.9713
811 1103.26 22.0516
812 1103.14 29.8767
813 1099.94 27.6964
814 1092.04 23.4789
815 1090.83 45.0172
816 1110.28 34.1305
817 1086.76 29.583
818 1114.56 36.1332
819 1099.19 40.4143
820 1095.88 44.8444
821 1097.78 35.4965
822 1105.68 20.8404
823 1115.58 42.856
824 1097 20.315
825 1101.55 22.844
826 1099.06 23.9809
827 1102.46 22.9024
828 1102.68 21.2363
829 1098.88 23.7978
830 1102.99 24.2884
831 1104 23.2637
832 1101.46 22.6365
833 1104.27 24.6527
834 1102.16 34.801
835 0 0
836 1101.78 38.9837
837 1106.24 23.9486
838 1100.99 25.1089
839 1101.98 25.7043
840 1103.89 24.6138
841 1102.92 25.5864
842 1102.47 25.214
843 1100.42 24.8501
844 1103.52 23.3149
845 1111.24 30.3042
846 1093.02 22.4898
847 1092.81 27.7203
848 1089.27 32.577
849 1088.03 31.4379
850 1094.04 49.8905
851 1039.04 74.5871
852 1127.45 64.2981
853 1093.71 40.2706
854 1090.89 47.6196
855 1100.46 27.295
856 1101.5 39.093
857 1104.7 42.322
858 1101.03 41.4383
859 1098.01 21.9911
860 1113.8 33.0457
861 1098.27 24.5809
862 1099.2 23.5004
863 1100.04 25.8292
864 1103.82 23.5766
865 1104.98 23.7883
866 1102.64 22.4208
867 1098.3 24.9261
868 1106.32 28.805
869 1099.45 29.6072
870 1103.9 28.0472
871 1103.83 25.3996
872 1101.68 21.1239
873 1098.64 23.2902
874 1099.53 18.2141
875 1101.9 20.0978
876 1101.61 20.4104
877 1098.46 23.9351
878 1130.57 51.7561
879 1103.53 33.0139
880 1101.87 49.357
881 1098.44 32.4906
882 1119.16 61.2324
883 1080.1 48.7853
884 1112.2 54.1534
885 1092.09 48.3664
886 1194.8 193.856
887 1638.32 253.973
888 1117.02 33.0848
889 1102.1 46.3399
890 1099.98 34.4548
891 0 0
892 1112.05 40.1021
893 1100.68 22.6019
894 1098.5 20.4387
895 1105.77 21.6121
896 1102.81 19.0646
897 1103.82 21.6962
898 1107.44 22.4684
899 1102.45 23.4974
900 1097.46 27.1898
901 1098.93 22.3586
902 1097.77 26.0645
903 1100.78 22.1786
904 1100.91 20.3287
905 1102.58 19.3303
906 1099.78 23.4297
907 1098.71 21.8425
908 1104.06 17.2402
909 1096.5 24.1078
910 1093.45 30.0251
911 1099.94 38.5869
912 1097.32 27.3927
913 1944.24 231.325
914 1102.65 23.8367
915 1111.33 64.0755
916 1095.5 31.8505
917 1081.32 35.4846
918 1083.65 27.5338
919 1110.44 31.1567
920 1102.04 43.3171
921 1092.98 41.3313
922 1101.51 40.1593
923 1099.5 31.2943
924 1125.22 67.6203
925 1107.15 57.2226
926 1090.76 27.8385
927 1095.25 20.4993
928 1102.18 26.9798
929 1099.25 23.8149
930 1100.79 18.7127
931 1102.65 18.5472
932 1092.3 17.8091
933 1101.05 24.9329
934 1102.77 25.6082
935 1105.33 21.713
936 1102.74 22.6552
937 1100.07 25.0992
938 1100.52 23.7376
939 1104.95 17.8893
940 1105.26 27.5821
941 1112.09 35.6696
942 1098.85 21.7354
943 1102.97 24.2563
944 1103.94 22.2423
945 1103.82 29.9708
946 1095.02 27.696
947 1096.09 30.0683
948 1094.17 28.5908
949 1088.64 38.1868
950 1086.74 43.3458
951 463.281 194.638
952 1112.9 77.2909
953 1043.08 178.72
954 1080.29 34.9347
955 1094.39 39.335
956 1092.62 34.1395
957 1095.39 40.5748
958 1091.79 25.8064
959 1102.89 21.4479
960 1106.43 33.6507
961 1106.73 24.5549
962 1101.67 16.9409
963 1096.48 25.1727
964 1100.7 22.1704
965 1105.31 23.3835
966 1098.07 25.2434
967 1107.96 33.8364
968 1098.55 21.5517
969 1099.82 20.9301
970 1101.22 20.9512
971 1099.85 24.598
972 1101.57 23.9284
973 1101.66 25.8951
974 1099.46 26.8374
975 1097.95 21.5588
976 1108 26.2973
977 1098.26 39.9117
978 1090.67 27.665
979 1059.35 50.3958
980 1096.95 31.1318
981 1097.53 55.0397
982 1095.26 31.6565
983 1096.94 48.8639
984 1095.02 38.9897
985 1323.9 284.613
986 1143.2 196.037
987 1081.14 55.9359
988 1037.5 16.6718
989 1094.76 64.6593
990 1069.82 91.3047
991 549.348 244.456
992 1098.06 34.7949
993 1096.11 24.2664
994 1098.89 36.594
995 1098.45 24.9574
996 1095.2 22.5089
997 1103.77 32.1954
998 1103.01 26.0094
999 1097.23 27.8427
1000 1097.56 24.781
1001 1100.33 18.9373
1002 1100.89 25.3642
1003 1096.53 24.255
1004 1104.54 21.8889
1005 1100.84 22.7985
1006 1149.63 71.7177
1007 1093.02 26.0468
1008 1102.27 26.4314
1009 1106.13 32.5177
1010 1112.07 37.7869
1011 1090.24 44.2897
1012 1094.98 23.8722
1013 1113.69 53.3567
1014 1099.55 32.3537
1015 1106.76 30.2635
1016 1108.69 38.1379
1017 1099.64 44.6527
1018 1097.42 36.2117
1019 1097.85 50.1056
1020 1324.38 243.816
1021 1063.1 150.527
1022 1060 13.8932
1023 1098.47 30.4641
1024 1745.35 176.155
1025 1099.62 27.3723
1026 1091.78 28.1899
1027 1095.19 38.1024
1028 1095.22 43.2406
1029 1106.88 53.8297
1030 1095.45 46.2165
1031 1096.76 21.8362
1032 1103.67 32.8087
1033 1096.78 24.6254
1034 1098.94 21.8495
1035 1103.81 23.6313
1036 1099.77 28.5132
1037 1095.12 19.3006
1038 1100.82 18.2121
1039 1098.25 25.7355
1040 1099.3 24.7211
1041 1102.91 24.7977
1042 1100.8 25.951
1043 1089.95 38.3716
1044 1104.4 28.7703
1045 1113.23 22.0563
1046 1087.54 32.2719
1047 1094.97 28.1845
1048 1096.48 23.4118
1049 1097.84 39.9946
1050 1093.78 26.8283
1051 1101.79 34.9485
1052 973.444 265.505
1053 1100.22 44.6098
1054 1110.43 89.7982
1055 1114.58 84.1592
1056 1080.83 37.2875
1057 1073.61 197.172
1058 1106.73 11.4117
1059 1087.77 38.5774
1060 1057.61 161.66
1061 1096.4 21.3804
1062 1113.02 22.506
1063 1103.08 17.0867
1064 1452.87 218.635
1065 1095.05 22.7605
1066 1098.62 29.9923
1067 1096.92 26.8323
1068 1111.04 32.6639
1069 1102 24.5733
1070 1099.02 26.0688
1071 1092.3 31.2382
1072 1095.15 24.8329
1073 1119.66 22.5186
1074 1100.95 22.2348
1075 1107.92 26.302
1076 1103 32.3454
1077 1110 28.2409
1078 1095.13 28.2338
1079 1101.79 35.631
1080 1101.27 54.4508
1081 1101.42 28.7763
1082 1098.65 50.6427
1083 1085.64 48.4312
1084 1090.85 35.4041
1085 1090.51 37.433
1086 1096.66 31.1294
1087 1094.79 47.2293
1088 1069.7 119.642
1089 1165 2.77864
1090 1093.67 23.6437
1091 1106.48 75.6366
1092 1073.31 47.8915
1093 1096.37 65.9864
1094 1096.89 31.0566
1095 1107.72 35.1054
1096 1115.43 94.1849
1097 1097.71 39.4485
1098 1093.58 29.8941
1099 1102.05 36.452
1100 1086.23 60.9788
1101 1105.5 43.5429
1102 1108.53 35.4755
1103 1091.41 47.3
1104 1110.44 75.693
1105 1099.97 29.7276
1106 1104.12 28.2103
1107 1106.74 37.8943
1108 1097.37 27.3471
1109 1103.72 42.2833
1110 1121.44 41.3569
1111 1116.89 81.1652
1112 1106.87 46.4495
1113 1100.7 57.0213
1114 1092.21 29.8963
1115 1105.04 27.1557
1116 1097.63 23.5003
1117 1095.78 43.9216
1118 1092.16 68.7003
1119 1082.91 51.6217
1120 1092.62 64.9117
1121 1096.48 33.9736
1122 1090.45 163.836
1123 1027.5 0.25
1124 1095.1 22.2888
1125 1102.25 161.212
1126 1072.5 119.957
1127 1100.78 47.9729
1128 1092.87 53.9087
1129 840.915 186.054
1130 1105.75 55.4926
1131 1110.82 32.8129
1132 1117.31 43.6972
1133 1080.77 33.2914
1134 1134.08 82.7451
1135 1111.31 24.2059
1136 1051.05 192.142
1137 1112.7 65.0072
1138 1109.6 31.5311
1139 1085.76 34.8994
1140 1113.11 40.5888
1141 1101.06 77.119
1142 1095.92 39.3427
1143 1074.74 37.9444
1144 1111.35 33.0091
1145 1126.43 70.6083
1146 1105.32 32.9696
1147 1111.35 33.4782
1148 1131.95 41.5637
1149 1127.28 59.3321
1150 1082.68 48.8033
1151 909.014 197.288
1152 1100.44 28.7388
1153 1081.13 141.327
1154 1078.66 190.657
1155 1062.5 0.25
1156 1136.73 30.8675
