1 1052.5 22.2291
2 1100.19 156.428
3 1106.68 13.1435
4 1045.05 130.82
5 1105.15 47.2208
6 1109.62 52.5138
7 1080.8 38.9117
8 1073.23 31.9552
9 1304.53 228.412
10 724.763 182.634
11 1058.57 40.64
12 1101.39 34.4475
13 1109.97 43.1694
14 1086.34 46.5009
15 1094.87 37.2329
16 1111.93 48.3896
17 1094.75 58.104
18 1120.84 48.3921
19 1106.49 74.8816
20 1084.74 56.0766
21 610.758 231.62
22 1161.07 89.6841
23 970.985 184.333
24 1142.22 35.3831
25 1074.84 79.1073
26 1104.96 37.6206
27 1113.28 207.462
28 1089.81 35.0642
29 1084.39 181.897
30 1112.01 171.76
31 1091.46 172.276
32 1112.81 69.0683
33 1078.98 17.4257
34 1120.21 96.5013
35 1059.73 159.907
36 1094.25 40.6707
37 1082.53 19.9552
38 1112.94 27.0723
39 1100.73 36.8498
40 1071.14 40.7719
41 1082.86 36.5432
42 1100.91 35.3102
43 1100.46 44.7354
44 1056.93 61.3003
45 1108.47 25.0921
46 1092.32 31.8504
47 1093.87 47.4232
48 1099.31 29.9399
49 1168.38 89.2409
50 1099.62 33.3555
51 1091.47 31.3443
52 1107.18 15.2125
53 1100.5 28.355
54 1105.33 32.2699
55 1095.59 24.6535
56 1405.62 249.784
57 1097.38 21.9012
58 1115.16 48.1312
59 1096.76 41.4523
60 1108.17 28.4198
61 1076.37 170.698
62 1504.57 131.089
63 1104.41 27.7216
64 1089.1 92.3417
65 1097.34 51.7278
66 1035 13.8932
67 722.978 163.067
68 1099.3 129.102
69 1097.97 48.0477
70 1100.7 61.3553
71 1034.27 95.0393
72 1092.57 103.386
73 1024.38 184.907
74 1097.18 20.1453
75 1697.01 262.602
76 1099 48.4858
77 1109.98 60.2233
78 1106.04 51.4495
79 1087.58 40.3795
80 1450.62 218.455
81 1093.46 23.7366
82 1107.09 25.8823
83 1098.96 25.0033
84 1105.7 26.2279
85 1098.51 26.8213
86 1099.12 26.6681
87 1102.28 31.7839
88 1105.91 35.7803
89 1096.13 24.5062
90 1090.19 25.1814
91 1097.89 27.6703
92 1135.05 105.867
93 1096.76 16.4278
94 1108.21 38.5545
95 1090.93 43.1484
96 1142.13 62.8207
97 1091.22 41.9748
98 1079.31 38.9418
99 1197.09 146.017
100 1100.25 52.8392
101 1096.26 17.2647
102 1106.2 33.2977
103 1107.47 35.4177
104 1117.14 64.5925
105 1077.65 78.4276
106 1160.76 62.8688
107 1118.35 55.0674
108 1056.61 64.3796
109 1107.69 24.616
110 1100.24 12.6729
111 1111.47 28.2587
112 1094.53 27.5108
113 1110.64 23.1246
114 1111.52 25.5537
115 1097.29 21.75
116 1097.12 21.1072
117 1107.27 25.1284
118 1100.85 26.913
119 1098.71 37.0471
120 1104.26 23.6554
121 1215.71 4.9721
122 1104.94 15.8606
123 1101.29 24.674
124 1107.41 20.2274
125 1112.4 25.9537
126 1106.53 30.4893
127 1094.53 24.6344
128 1091.31 13.3718
129 1107.18 42.6227
130 1143.94 227.483
131 1114.49 49.9475
132 1110.24 55.3295
133 1145.84 72.6107
134 1087.93 40.291
135 1104.36 181.605
136 1084.85 43.298
137 1084.49 31.4606
138 1416.38 169.25
139 659.292 214.743
140 1094.14 49.2717
141 1092.03 35.8727
142 1094.64 25.7421
143 1093.82 37.1139
144 1090.4 28.4997
145 1097.41 25.8966
146 1100.77 20.3795
147 1104.02 27.9005
148 1099.04 43.5017
149 1093.46 19.0409
150 1100.96 20.8921
151 1098.7 21.7152
152 1098.07 24.2154
153 1099.19 28.1388
154 1097.78 19.7173
155 1093.95 26.1316
156 1098.05 24.0751
157 1094.77 21.9139
158 1094.16 23.6994
159 1115.78 38.2592
160 1103.96 28.683
161 1094.18 22.3763
162 1114.54 38.3377
163 1094.06 21.956
164 1102.26 12.3818
165 1100.7 21.2007
166 1100.16 40.8621
167 1088.48 26.6375
168 1089.98 60.0176
169 1066.66 85.1776
170 1110.98 54.316
171 1119.9 26.1532
172 1083.28 85.0794
173 1106.27 44.9874
174 1113.6 45.9356
175 1090.24 51.0731
176 1102.28 44.8801
177 1089.54 23.5477
178 1106.5 29.1349
179 1088.38 34.993
180 1101.91 16.8172
181 1091.55 31.768
182 1098.17 26.7608
183 1101.03 28.5591
184 1097.62 24.3352
185 1101.58 25.1449
186 1096.36 26.5797
187 1100.41 22.7022
188 1097.48 21.5359
189 1103.24 23.0369
190 1101.27 23.8214
191 1099.18 20.1589
192 1096.69 18.6803
193 1101.3 25.384
194 1098.8 30.0871
195 1103.89 25.307
196 1094.33 36.0591
197 1091.99 39.4685
198 1100.61 27.3581
199 1090.04 28.1512
200 1099.11 38.5481
201 1103.46 35.4921
202 1101.21 13.0837
203 1371.53 159.428
204 966.795 196.237
205 1106.66 45.1549
206 1116.62 50.7093
207 1112.4 50.2908
208 1072 50.4765
209 1091.7 32.7854
210 1207.94 160.709
211 1105.52 23.7611
212 1098.39 21.8523
213 1094.88 25.3673
214 1101 17.8438
215 1097.28 16.0084
216 1101.55 22.1802
217 1098.72 21.6825
218 1099.41 23.7527
219 1099.94 21.9184
220 1102.56 21.834
221 1102.23 22.6724
222 1103.4 21.5215
223 1107.5 21.6399
224 1105.04 22.4297
225 1096.74 25.0795
226 1098.81 21.1607
227 1102.88 21.6402
228 1108.54 21.527
229 1479.8 159.659
230 1088.25 19.7166
231 1099.95 24.7532
232 1022.89 234.028
233 1096.9 29.0381
234 1097.71 32.9133
235 1095.27 44.3526
236 1102.08 37.2401
237 1095.25 38.5688
238 1476.81 198.058
239 1394.05 210.928
240 1117.81 42.8074
241 1079.2 81.6111
242 1092.8 22.983
243 1160.68 95.8747
244 1096.03 36.2705
245 1105.16 25.473
246 1095.19 23.3272
247 1108.08 14.8542
248 1102.9 22.102
249 1109.99 16.4249
250 1096.14 22.8883
251 1098.47 22.9103
252 1103.21 22.7068
253 1102.41 20.3166
254 1100.49 24.3582
255 1101.52 23.8909
256 1102.08 21.9637
257 1099.66 23.3454
258 1100.53 20.899
259 1101.73 22.8154
260 1099.32 24.7677
261 1101.01 19.5188
262 1101.35 19.5273
263 1105.07 19.6578
264 1095.82 21.6737
265 1097.41 21.6412
266 1103.6 23.0171
267 1109.32 33.5419
268 1089.51 25.3817
269 1100.19 21.1314
270 1106.92 44.3272
271 1131.65 67.5343
272 1100.47 36.8714
273 1444.32 232.346
274 1115.49 68.7821
275 851.682 200.924
276 1100.26 23.1956
277 1100.82 20.3321
278 1107.7 31.0872
279 1105.35 24.3415
280 1102.43 19.2971
281 1105.89 23.8864
282 1095.92 21.4551
283 1099.42 27.917
284 1098.88 23.2757
285 1104.91 22.1673
286 1100.88 23.4671
287 1101.8 21.1947
288 1103.77 22.9344
289 1101.18 22.5287
290 1100.67 23.143
291 1096.53 25.9906
292 1105.48 20.4509
293 1102.28 21.5642
294 1099.89 23.8717
295 1103.05 25.9959
296 1101.53 25.3528
297 1100.26 21.8632
298 1098.42 20.9987
299 1100.26 22.2032
300 1101.9 29.4216
301 1099.09 32.2684
302 1099.04 34.9907
303 1083.93 36.4227
304 1097.39 33.5075
305 1109.65 43.7672
306 921.807 207.285
307 937.557 217.258
308 1110.87 41.2055
309 1105.24 104.175
310 1103.36 39.0669
311 1099.33 22.0304
312 1097.36 25.6186
313 1099.18 21.3303
314 1098.96 21.2276
315 1102 23.8754
316 1105.02 21.4259
317 1106.18 24.1632
318 1103.43 22.6461
319 1101.36 22.3483
320 1102.27 21.8742
321 1103.04 24.7736
322 1103.84 23.815
323 1102.54 24.0458
324 1102.09 22.4293
325 1106.5 22.884
326 1102.4 22.7182
327 1105.66 22.4929
328 1103.45 22.0958
329 1103.17 25.5845
330 1104.48 24.7869
331 1099.72 24.8705
332 1104.25 22.169
333 1103.39 27.8275
334 1099.92 22.1179
335 1085.7 146.125
336 1105.07 14.6001
337 1106.4 23.3619
338 1078.27 50.0913
339 1096.72 37.0796
340 1090.41 48.0475
341 1101.8 39.6892
342 1108.8 24.7274
343 1098.22 50.3332
344 1093.04 33.1975
345 1105.68 38.1305
346 1103.69 20.6477
347 1101.01 27.6036
348 1105.98 24.0494
349 1104.15 22.4691
350 1104.98 22.2241
351 1106.23 24.219
352 1102.78 22.0044
353 1102.04 20.9755
354 1103.68 23.4815
355 1105.01 22.8735
356 1104.09 23.3396
357 1104.07 23.495
358 1104.61 22.8726
359 1103.86 23.4365
360 1100.27 23.1975
361 1103.35 23.8718
362 1103.96 23.4822
363 1105.69 22.0774
364 1104.83 20.4602
365 1100.32 22.776
366 1098.4 21.6515
367 1101.71 29.5276
368 1095.45 24.3722
369 1104.78 22.4686
370 1101.65 23.3655
371 1104.77 30.4512
372 1108.02 26.8746
373 1085.74 36.5627
374 1098.99 91.3449
375 830.533 137.861
376 1107.01 26.4085
377 1099.85 30.313
378 1101.45 34.4102
379 1104.05 26.7716
380 1102.79 26.9566
381 1098.61 22.1857
382 1106.05 20.6099
383 1105.01 23.8279
384 1109.13 21.5289
385 1104.78 22.5578
386 1103.77 23.7741
387 1103.82 24.0122
388 1104.46 23.6268
389 1105.6 23.9997
390 1104.98 25.2372
391 1109.47 25.2141
392 1107.34 24.8526
393 1106.48 25.6112
394 1105.41 22.2993
395 1102.7 23.7707
396 1102.77 22.6504
397 1102.8 24.2088
398 1102 23.0867
399 1103.92 25.7337
400 1104.1 20.7809
401 1100.94 27.5764
402 1097.84 26.6518
403 1173.37 68.6186
404 1095.28 20.8108
405 1105.71 17.3792
406 1098.55 33.1259
407 1086.62 15.7376
408 1101.09 35.7581
409 1092.06 39.7348
410 1103.83 30.0509
411 1093.64 19.6369
412 1093.01 39.7298
413 1099.07 28.5955
414 1099.53 23.0309
415 1102.28 23.5123
416 1100.94 21.8638
417 1104.61 25.0981
418 1106.24 22.1602
419 1103.34 23.6461
420 1105.19 23.675
421 1106.18 23.8895
422 1106.74 25.4683
423 1109.48 26.0685
424 1107.98 27.0794
425 1109.38 25.9134
426 1108.8 25.3443
427 1106.49 27.1451
428 1105.44 26.8363
429 1104.78 24.4382
430 1103.2 25.3607
431 1104.06 24.3552
432 1104.13 22.3009
433 1106 22.8949
434 1099.66 27.9602
435 1098.99 23.4324
436 1093.9 23.8385
437 1094.68 23.0472
438 1097.11 23.5992
439 1094.47 18.0049
440 1110.04 54.6655
441 1096.68 40.6587
442 1076.06 45.2083
443 1107.87 39.314
444 1103.92 70.4656
445 1101.83 22.4124
446 1103.6 21.3654
447 1100.71 21.4405
448 1103.02 19.2017
449 1099.53 21.9211
450 1102.21 21.5599
451 1100.71 20.0732
452 1107.07 23.2523
453 1104.82 24.4621
454 1102.1 23.013
455 1105.95 23.2611
456 1107.31 27.227
457 1107.12 26.7115
458 1109.85 25.9646
459 1110.55 26.4325
460 1109.19 26.4959
461 1108.19 26.5505
462 1108.57 26.7048
463 1107.38 25.9635
464 1107.17 23.6839
465 1104.58 24.5368
466 1104.84 24.0844
467 1105.68 24.5719
468 1101.36 23.9469
469 1101.5 26.2713
470 1099.7 26.2817
471 1100.38 19.7614
472 1091.6 22.4449
473 1102.3 24.6778
474 1107.79 26.5259
475 1098.6 26.1312
476 1091.66 42.1039
477 1099.88 46.7502
478 1097.71 24.4833
479 1095.53 31.7293
480 1095.76 20.2868
481 1094.57 28.7759
482 1100.28 24.8341
483 1104.49 24.5609
484 1101.19 22.9817
485 1101.75 22.6825
486 1105.16 23.9815
487 1101.6 23.2022
488 1103.1 24.887
489 1107.43 25.487
490 1107.81 24.9559
491 1108.86 25.7523
492 1107.28 27.6583
493 1102.91 29.6618
494 1105.25 27.4193
495 1105.17 27.0087
496 1109.75 25.1987
497 1108.48 25.1749
498 1106.45 23.4163
499 1105.35 24.2377
500 1104.27 25.4646
501 1104.51 26.6975
502 1098.57 22.1491
503 1101.95 24.3807
504 1097.39 21.8787
505 1097.96 22.1965
506 1107.32 25.7752
507 1102.71 27.7601
508 1086.3 43.8701
509 1094.37 28.7647
510 1100.04 47.864
511 1109.18 35.9284
512 1092.86 33.5356
513 1080.21 31.1218
514 1095.9 26.9203
515 1097.53 20.151
516 1108.93 21.8097
517 1100.4 26.5387
518 1103.7 24.3671
519 1105.42 24.3087
520 1102.96 22.8953
521 1103.87 24.2012
522 1106.82 24.7521
523 1107.92 24.8451
524 1107.48 25.073
525 1102.32 26.1958
526 1087.82 33.6478
527 1071.64 50.8441
528 808.667 286.352
529 1089.75 31.9611
530 1105.34 24.7004
531 1107.58 24.9669
532 1107.22 24.5678
533 1106.65 26.0191
534 1104.41 23.0608
535 1103.58 26.2727
536 1100.01 23.1197
537 1100.84 26.8433
538 1102.16 26.7392
539 1106.45 22.7416
540 1106.79 23.9983
541 1112.2 43.4982
542 1110.58 39.1405
543 1022.3 231.977
544 1113.71 41.8417
545 1084.31 46.8779
546 1102.7 37.885
547 1101.32 18.5386
548 1093.08 24.6814
549 1098.86 22.2148
550 1097.4 24.158
551 1100.14 24.0939
552 1107.27 24.3573
553 1101.84 23.0431
554 1105.33 23.5291
555 1103.61 24.9086
556 1107.26 24.0535
557 1110.46 24.392
558 1104.53 24.5329
559 1102.06 27.1607
560 935.552 174.823
561 0 0
562 0 0
563 1092.8 38.4642
564 1098.77 27.7688
565 1107.1 25.2685
566 1107.97 26.1011
567 1105.88 24.5631
568 1098.88 25.0458
569 1103.23 24.3771
570 1101.48 25.1179
571 1099.53 23.918
572 1104.47 24.1154
573 1105.02 16.7844
574 1097.96 24.2897
575 1100.89 30.0128
576 1102.48 20.1494
577 1113.74 48.74
578 1096.61 20.1155
579 1102.78 21.8347
580 1098.36 22.8833
581 1099.98 36.9953
582 1101.36 24.1128
583 1105.14 27.656
584 1102.05 24.1432
585 1101.01 23.1018
586 1103.81 24.9322
587 1101.35 24.4913
588 1105.43 23.2845
589 1103.86 23.8847
590 1103.57 24.4401
591 1109.51 24.6355
592 1110.11 25.0682
593 1101.61 30.7368
594 1093.13 81.5695
595 0 0
596 0 0
597 1024.17 52.7168
598 1094.15 27.6493
599 1102.39 24.6379
600 1106.63 25.4246
601 1106.39 24.2259
602 1104.3 24.6446
603 1102.23 25.1318
604 1097.98 26.7132
605 1101.06 24.0947
606 1102.83 24.1969
607 1100.81 27.5457
608 1101.33 23.7314
609 1098.12 29.8442
610 1094.6 27.579
611 616.049 209.815
612 1088.51 38.214
613 1030.84 256.103
614 1122.98 45.7397
615 1108.17 31.9804
616 1101.37 24.1712
617 1102.48 27.6619
618 1102.08 21.905
619 1101.11 21.4695
620 1103.44 22.9882
621 1104.28 21.9919
622 1106.19 24.2773
623 1104.58 24.0325
624 1106.45 25.5618
625 1109.05 26.3591
626 1110.59 24.2092
627 1104.13 26.2259
628 1089.23 31.1834
629 949.845 171.782
630 1099.88 118.939
631 1083.16 33.0631
632 1105.86 25.6191
633 1109.68 25.2134
634 1107.78 24.4577
635 1107.92 22.9786
636 1106.9 23.5143
637 1104.17 23.5941
638 1095.2 24.2149
639 1103.71 32.3379
640 1101.05 24.3699
641 1100.36 24.8661
642 1094.76 23.5973
643 1098.87 17.3116
644 1099.51 20.0442
645 1092.06 51.8772
646 1100.01 36.6892
647 1090.17 33.953
648 1102.98 24.2496
649 1095.99 34.7539
650 1221.52 80.1958
651 1103.68 30.005
652 1101.82 29.237
653 1100.43 20.6939
654 1100.24 22.3232
655 1103.27 21.9836
656 1105.02 22.1336
657 1102.39 23.7261
658 1106.82 23.6928
659 1108.98 24.6417
660 1107.91 23.8547
661 1107.84 24.897
662 1104.9 24.9832
663 1101.18 28.9626
664 1105.45 28.9433
665 1104.91 28.3958
666 1107.25 26.3773
667 1108.57 24.8103
668 1106.85 24.5038
669 1103.87 23.9019
670 1101.49 23.5568
671 1103.99 23.4223
672 1098.48 23.8793
673 1095.87 23.7428
674 1108.63 21.0215
675 1100.15 23.5043
676 1099.44 23.8455
677 1090.28 23.4376
678 1101.9 34.3297
679 1813.85 256.23
680 1056.35 77.4488
681 811.103 273.317
682 905.173 148.421
683 1100.67 21.8791
684 1104.99 26.6327
685 1096.53 25.5498
686 1104.65 21.238
687 1102.95 23.3436
688 1102.54 20.7493
689 1103.61 23.775
690 1105.31 24.1515
691 1100.39 23.7257
692 1103.93 24.0263
693 1104.4 23.3535
694 1105.35 25.777
695 1106.53 24.2341
696 1111.52 25.0567
697 1109.44 28.3758
698 1109.56 26.3042
699 1105.97 25.9205
700 1107.2 24.8697
701 1106.78 23.9873
702 1105.85 23.5167
703 1102.32 24.9688
704 1102.24 23.3603
705 1103.41 22.542
706 1100.89 21.2533
707 1099.98 23.6444
708 1098.9 25.9945
709 1104.56 22.9022
710 1100.71 22.0514
711 1103.39 23.4668
712 1098.19 29.3587
713 1091.07 31.0199
714 1124.84 27.9386
715 1096.72 45.8558
716 1096.12 37.477
717 1094.9 31.1869
718 1095.54 21.2004
719 1096.63 30.483
720 1104.42 22.6772
721 1103.7 21.5118
722 1098.91 20.4373
723 1105.77 26.5019
724 1103.57 23.9509
725 1101.47 21.2021
726 1101.65 23.3735
727 1102.16 23.7564
728 1105.59 24.5705
729 1106.26 25.745
730 1108.72 25.7015
731 1110.56 24.7461
732 1107.78 25.503
733 1106.32 26.3116
734 1106.33 24.9569
735 1105.2 24.5941
736 1105.33 22.6671
737 1104.39 26.2006
738 1101.5 22.0419
739 1102.17 24.8665
740 1102.24 24.559
741 1103.27 26.7998
742 1102.92 26.0071
743 1107.8 27.499
744 1094.87 26.2594
745 1099.97 27.2403
746 1079.13 43.0475
747 1099.44 32.5522
748 1097.41 24.8453
749 1425.93 233.403
750 1098.01 37.887
751 1096.5 26.4008
752 1099.45 22.7756
753 1096.69 37.149
754 1102.95 19.5144
755 1095.94 17.9825
756 1105.34 25.6521
757 1104.15 21.9013
758 1102.91 24.5896
759 1104.29 24.7231
760 1104.12 23.5636
761 1104.4 23.7691
762 1103.17 23.4602
763 1103.49 23.0824
764 1106.92 23.5626
765 1107.81 24.6025
766 1104.55 24.0211
767 1105.9 24.7732
768 1104.08 24.1397
769 1105.08 24.3725
770 1104.27 22.878
771 1102.19 23.459
772 1100.36 21.8085
773 1104.43 22.2652
774 1095.4 24.2045
775 1105.75 23.7428
776 1101.46 22.5848
777 1105.21 28.6051
778 1093.85 23.8138
779 1094.13 50.3341
780 1105.84 41.5184
781 1104.91 38.7209
782 1077.56 179.782
783 1115.4 46.857
784 1069.79 41.1675
785 1099.67 28.8452
786 1081.71 37.5612
787 1097.26 26.2017
788 1103.64 21.3992
789 1102.85 24.1723
790 1101.5 20.4697
791 1104.93 22.6123
792 1102.91 20.4561
793 1104.28 21.7869
794 1103.68 24.2863
795 1104.42 22.5792
796 1104.04 24.0535
797 1105.78 22.8309
798 1105.87 25.1994
799 1105.46 23.3165
800 1112.19 27.6198
801 1103.74 37.4204
802 1108.83 26.355
803 1104.45 24.0339
804 1102.22 23.4143
805 1101.88 25.1609
806 1101.46 21.8049
807 1101.11 23.1669
808 1097.33 23.0965
809 1106.1 25.8613
810 1103.27 23.8056
811 1095.15 23.0054
812 1096 23.7142
813 1098.04 23.4201
814 1101.36 38.3611
815 1119.98 106.68
816 1120.37 53.7784
817 1103.58 55.6392
818 1095.43 46.23
819 1082.43 51.0815
820 1096.52 28.6467
821 1101.76 29.6726
822 1098.47 24.5484
823 1104.65 29.6483
824 1097.82 25.0608
825 1102.16 19.0042
826 1102.04 20.4467
827 1100.46 23.2818
828 1102.29 23.9701
829 1102.58 23.4529
830 1102.93 22.9918
831 1102.59 23.8131
832 1103.72 22.7025
833 1104.92 23.6953
834 1102.48 39.514
835 0 0
836 1099.03 34.1827
837 1106.51 24.8062
838 1100.71 23.6232
839 1102.21 23.0596
840 1102.77 19.9818
841 1101.86 22.9231
842 1109.04 33.2257
843 1107.45 19.308
844 1104.22 23.2188
845 1111.88 34.357
846 1096.92 35.0452
847 1101.91 18.2363
848 1241.54 13.3433
849 1090.81 40.7225
850 1108.88 45.4148
851 1118.03 85.0551
852 1113.78 69.6144
853 1100.77 39.063
854 1095.41 25.3352
855 1091.36 21.4207
856 1089.16 20.3713
857 1958.36 262.095
858 1100.28 32.8796
859 1096.86 16.6912
860 1099.88 21.9927
861 1101.62 23.1727
862 1104.2 24.2697
863 1102.37 25.5386
864 1104.55 23.8395
865 1104.29 24.5111
866 1102.04 25.8364
867 1101.94 22.1957
868 1108.21 28.5213
869 1109.03 29.3277
870 1108.09 26.1766
871 1101.89 21.9862
872 1099.66 21.3263
873 1102.07 23.3893
874 1101.56 27.0613
875 1097.28 25.2333
876 1095.86 20.1145
877 1098.28 26.3859
878 1100.64 27.443
879 1099.93 15.0849
880 1098.82 20.5449
881 1111.33 39.4633
882 1004.77 208.804
883 1082.82 24.9279
884 1075.56 68.0957
885 1118.57 68.394
886 785.89 162.887
887 1102.38 34.5266
888 1103 25.1811
889 1103.52 24.6797
890 1062.21 67.3224
891 0 0
892 1094.73 37.2183
893 1087.54 15.1333
894 1101.32 18.6154
895 1100.44 23.2461
896 1100.23 21.2396
897 1100.67 21.3955
898 1102.21 23.3682
899 1098.28 21.9177
900 1095.06 28.2935
901 1101.16 26.3476
902 1100.92 25.2609
903 1099.05 21.4747
904 1100.63 23.8592
905 1100.29 25.4683
906 1102.63 20.5972
907 1103.15 19.2141
908 1096.11 21.9184
909 1098.66 22.0191
910 1096.51 22.4647
911 1094.71 22.2961
912 1100.07 18.6697
913 1343.62 172.323
914 1101.98 48.9039
915 1085.36 59.1104
916 1103.03 32.7582
917 1088.55 31.1463
918 1087.46 18.365
919 1436.78 173.134
920 816.631 237.514
921 1109.85 42.6286
922 1214.66 122.456
923 1098.55 38.2263
924 1470.53 234.932
925 1092.85 38.237
926 1092.32 37.8062
927 1108.93 23.7004
928 1098.53 20.8606
929 1102.13 22.371
930 1099.86 29.6988
931 1092.61 22.6294
932 1096.94 23.6235
933 1100.33 23.1886
934 1103.18 24.7226
935 1100.39 24.4173
936 1101.96 19.6927
937 1103.37 21.361
938 1101.84 26.1696
939 1100.33 22.2292
940 1101.73 21.1078
941 1101.94 22.7639
942 1101.54 34.0601
943 1089.09 39.0322
944 1102.99 26.6472
945 1096.88 26.0381
946 1096.54 22.9011
947 1102.12 37.2876
948 1112.41 33.4716
949 1104.33 31.3544
950 1078.86 47.4267
951 1109.68 57.8404
952 1089.68 40.7841
953 1108.62 34.818
954 1096.75 54.179
955 1083.09 21.5996
956 1360.51 204.288
957 1087.3 27.7829
958 1109.65 25.4684
959 1129.08 66.464
960 1104.96 35.4262
961 1106.91 38.8939
962 1099.54 24.5279
963 1108.39 34.7866
964 1099.66 21.7421
965 1105.49 22.5341
966 1097.82 22.4561
967 1092.86 20.6576
968 1097.58 24.4908
969 1099.29 23.6314
970 1098.58 23.7897
971 1097.23 20.5752
972 1098.89 24.5909
973 1095.8 27.1857
974 1108.66 32.5983
975 1102.46 22.4498
976 1098.87 31.2911
977 1105.07 21.3116
978 1100.44 25.7376
979 1095.88 20.8508
980 1101.35 27.6363
981 1099.62 27.3906
982 1110.71 57.6433
983 1094.25 28.3067
984 1112.87 30.9432
985 1089.9 73.4189
986 1086.62 36.8394
987 1108.05 92.0414
988 1021.82 70.701
989 1100.31 56.4035
990 1112.64 34.1014
991 1656.58 245.433
992 1122.14 70.9414
993 1102.22 33.6757
994 1100.56 36.3046
995 1099.84 25.5866
996 1104.8 22.0687
997 1105.37 32.7948
998 1095.03 24.6822
999 1096.18 21.9265
1000 1100.75 25.0166
1001 1107.62 18.7162
1002 1097.69 23.0342
1003 1101.2 19.905
1004 1105.1 21.6922
1005 1107.34 24.343
1006 1094.21 21.6137
1007 1104.26 18.3151
1008 1099.07 27.7002
1009 1108.7 50.9485
1010 1092.67 19.0094
1011 1094.98 30.4802
1012 1093.91 36.3816
1013 1121.54 54.6448
1014 1089.98 31.7889
1015 1305.74 164.42
1016 1359.73 173.38
1017 1083.37 35.8835
1018 1098.74 30.4545
1019 1105.23 42.9976
1020 1086.75 161.185
1021 1108.64 153.814
1022 1307.04 194.548
1023 1106.29 44.8635
1024 1098.92 48.2588
1025 1099.67 40.2068
1026 1109.38 48.867
1027 1105.57 33.6604
1028 1108.72 28.6631
1029 1090.93 23.5758
1030 1093.42 22.006
1031 1095.17 25.6461
1032 1111.67 28.9513
1033 1093.78 23.043
1034 1095.42 21.2452
1035 1099.81 27.3812
1036 1101.24 22.2375
1037 1100.48 27.3683
1038 1099.69 30.5429
1039 1094.56 28.8096
1040 1098.51 25.7144
1041 1095.01 29.7409
1042 1103.18 21.5386
1043 1099.99 26.3606
1044 1100.43 27.5717
1045 1105.06 29.1989
1046 1132.93 0.812643
1047 1101.74 30.3032
1048 1106.05 35.8025
1049 1097.27 23.8813
1050 1064.2 64.0556
1051 1116.55 104.099
1052 1208 168.878
1053 1085.19 46.1947
1054 1106.01 24.1312
1055 1046.76 194.958
1056 1104.18 8.40669
1057 1092.77 60.998
1058 708.068 126.107
1059 1116.96 25.6923
1060 995.792 159.632
1061 1094.45 38.6817
1062 1102.23 48.7616
1063 1093.81 16.7981
1064 1099.83 32.0525
1065 1092.83 33.4041
1066 1096 29.145
1067 1093.96 17.8221
1068 1091.7 29.597
1069 941.707 105.484
1070 1097.25 29.9209
1071 1109.13 31.4893
1072 1032.75 72.4192
1073 1095.98 32.4013
1074 1093.12 36.1875
1075 1097.72 29.091
1076 1099.65 36.7268
1077 1099.21 33.9386
1078 1099.46 37.2111
1079 1101.54 26.7246
1080 1096.97 26.3857
1081 1331.71 200.226
1082 1101.04 27.6545
1083 1418.66 205.613
1084 1125.4 50.9659
1085 1080.26 35.9302
1086 1110.91 43.5691
1087 1095.43 60.8733
1088 903.622 131.722
1089 1133.57 35.9645
1090 1103.94 91.9982
1091 801.169 97.3986
1092 1083.48 65.3687
1093 1094.75 24.3712
1094 1273.65 254.294
1095 1099.49 53.5754
1096 1107.4 47.6346
1097 1087 50.2055
1098 1102.61 47.5371
1099 1098.68 19.1778
1100 1188.25 97.0612
1101 1096.52 24.4712
1102 1097.68 26.3171
1103 1086 30.0486
1104 1098.37 27.9361
1105 1088.42 36.9958
1106 1096.03 38.2975
1107 1095.54 27.9673
1108 1091.87 25.4884
1109 1116.42 56.2492
1110 1102.87 28.9881
1111 1109.71 26.8155
1112 1129.34 43.1894
1113 1094.84 38.1395
1114 1528.04 196.216
1115 1099.15 31.1488
1116 1101.05 32.0215
1117 1266.32 210.025
1118 1097.55 36.9673
1119 1097.24 35.1558
1120 1688.49 307.244
1121 1302.75 110.174
1122 1081.38 109.12
1123 1120 25.0078
1124 1101.82 70.701
1125 1092.73 21.2717
1126 1052.5 5.55728
1127 1072.77 48.4873
1128 1092.12 38.0428
1129 1107.91 38.925
1130 1492.04 245.258
1131 1079.07 21.6852
1132 1115.55 70.0981
1133 1728.28 285.296
1134 1096.34 35.9235
1135 1113.61 61.35
1136 1107.25 57.1504
1137 1278.85 219.662
1138 1082.9 27.1982
1139 1103.11 23.9985
1140 1119.66 58.8618
1141 922.448 225.06
1142 1104.32 60.8234
1143 1077.2 35.2589
1144 1046.05 90.1664
1145 1112.29 46.0616
1146 1032.54 183.109
1147 1111.2 37.5919
1148 1114.92 46.6741
1149 1440.05 215.752
1150 1291.88 335.533
1151 1049.19 81.5979
1152 1123.31 82.7975
1153 1047.8 132.296
1154 1102.02 35.8149
1155 1128.56 111.222
1156 1130.79 95.6897
